0 1 3 6 10 15 21 28 36 45 55 66 78 91 105 120 136 153 171 190 210 231 253 276 300 325 351 378 406 435 465 496 528 561 595 630 666 703 741 780 820 861 903 946 990 
1 4 9 16 25 36 49 64 81 100 121 144 169 196 225 256 289 324 361 400 441 484 529 576 625 676 729 784 841 900 961 1024 1089 1156 1225 1296 1369 1444 1521 1600 1681 1764 1849 1936 2025 
3 9 18 30 45 63 84 108 135 165 198 234 273 315 360 408 459 513 570 630 693 759 828 900 975 1053 1134 1218 1305 1395 1488 1584 1683 1785 1890 1998 2109 2223 2340 2460 2583 2709 2838 2970 3105 
6 16 30 48 70 96 126 160 198 240 286 336 390 448 510 576 646 720 798 880 966 1056 1150 1248 1350 1456 1566 1680 1798 1920 2046 2176 2310 2448 2590 2736 2886 3040 3198 3360 3526 3696 3870 4048 4230 
10 25 45 70 100 135 175 220 270 325 385 450 520 595 675 760 850 945 1045 1150 1260 1375 1495 1620 1750 1885 2025 2170 2320 2475 2635 2800 2970 3145 3325 3510 3700 3895 4095 4300 4510 4725 4945 5170 5400 
15 36 63 96 135 180 231 288 351 420 495 576 663 756 855 960 1071 1188 1311 1440 1575 1716 1863 2016 2175 2340 2511 2688 2871 3060 3255 3456 3663 3876 4095 4320 4551 4788 5031 5280 5535 5796 6063 6336 6615 
21 49 84 126 175 231 294 364 441 525 616 714 819 931 1050 1176 1309 1449 1596 1750 1911 2079 2254 2436 2625 2821 3024 3234 3451 3675 3906 4144 4389 4641 4900 5166 5439 5719 6006 6300 6601 6909 7224 7546 7875 
28 64 108 160 220 288 364 448 540 640 748 864 988 1120 1260 1408 1564 1728 1900 2080 2268 2464 2668 2880 3100 3328 3564 3808 4060 4320 4588 4864 5148 5440 5740 6048 6364 6688 7020 7360 7708 8064 8428 8800 9180 
36 81 135 198 270 351 441 540 648 765 891 1026 1170 1323 1485 1656 1836 2025 2223 2430 2646 2871 3105 3348 3600 3861 4131 4410 4698 4995 5301 5616 5940 6273 6615 6966 7326 7695 8073 8460 8856 9261 9675 10098 10530 
45 100 165 240 325 420 525 640 765 900 1045 1200 1365 1540 1725 1920 2125 2340 2565 2800 3045 3300 3565 3840 4125 4420 4725 5040 5365 5700 6045 6400 6765 7140 7525 7920 8325 8740 9165 9600 10045 10500 10965 11440 11925 
55 121 198 286 385 495 616 748 891 1045 1210 1386 1573 1771 1980 2200 2431 2673 2926 3190 3465 3751 4048 4356 4675 5005 5346 5698 6061 6435 6820 7216 7623 8041 8470 8910 9361 9823 10296 10780 11275 11781 12298 12826 13365 
66 144 234 336 450 576 714 864 1026 1200 1386 1584 1794 2016 2250 2496 2754 3024 3306 3600 3906 4224 4554 4896 5250 5616 5994 6384 6786 7200 7626 8064 8514 8976 9450 9936 10434 10944 11466 12000 12546 13104 13674 14256 14850 
78 169 273 390 520 663 819 988 1170 1365 1573 1794 2028 2275 2535 2808 3094 3393 3705 4030 4368 4719 5083 5460 5850 6253 6669 7098 7540 7995 8463 8944 9438 9945 10465 10998 11544 12103 12675 13260 13858 14469 15093 15730 16380 
91 196 315 448 595 756 931 1120 1323 1540 1771 2016 2275 2548 2835 3136 3451 3780 4123 4480 4851 5236 5635 6048 6475 6916 7371 7840 8323 8820 9331 9856 10395 10948 11515 12096 12691 13300 13923 14560 15211 15876 16555 17248 17955 
105 225 360 510 675 855 1050 1260 1485 1725 1980 2250 2535 2835 3150 3480 3825 4185 4560 4950 5355 5775 6210 6660 7125 7605 8100 8610 9135 9675 10230 10800 11385 11985 12600 13230 13875 14535 15210 15900 16605 17325 18060 18810 19575 
120 256 408 576 760 960 1176 1408 1656 1920 2200 2496 2808 3136 3480 3840 4216 4608 5016 5440 5880 6336 6808 7296 7800 8320 8856 9408 9976 10560 11160 11776 12408 13056 13720 14400 15096 15808 16536 17280 18040 18816 19608 20416 21240 
136 289 459 646 850 1071 1309 1564 1836 2125 2431 2754 3094 3451 3825 4216 4624 5049 5491 5950 6426 6919 7429 7956 8500 9061 9639 10234 10846 11475 12121 12784 13464 14161 14875 15606 16354 17119 17901 18700 19516 20349 21199 22066 22950 
153 324 513 720 945 1188 1449 1728 2025 2340 2673 3024 3393 3780 4185 4608 5049 5508 5985 6480 6993 7524 8073 8640 9225 9828 10449 11088 11745 12420 13113 13824 14553 15300 16065 16848 17649 18468 19305 20160 21033 21924 22833 23760 24705 
171 361 570 798 1045 1311 1596 1900 2223 2565 2926 3306 3705 4123 4560 5016 5491 5985 6498 7030 7581 8151 8740 9348 9975 10621 11286 11970 12673 13395 14136 14896 15675 16473 17290 18126 18981 19855 20748 21660 22591 23541 24510 25498 26505 
190 400 630 880 1150 1440 1750 2080 2430 2800 3190 3600 4030 4480 4950 5440 5950 6480 7030 7600 8190 8800 9430 10080 10750 11440 12150 12880 13630 14400 15190 16000 16830 17680 18550 19440 20350 21280 22230 23200 24190 25200 26230 27280 28350 
210 441 693 966 1260 1575 1911 2268 2646 3045 3465 3906 4368 4851 5355 5880 6426 6993 7581 8190 8820 9471 10143 10836 11550 12285 13041 13818 14616 15435 16275 17136 18018 18921 19845 20790 21756 22743 23751 24780 25830 26901 27993 29106 30240 
231 484 759 1056 1375 1716 2079 2464 2871 3300 3751 4224 4719 5236 5775 6336 6919 7524 8151 8800 9471 10164 10879 11616 12375 13156 13959 14784 15631 16500 17391 18304 19239 20196 21175 22176 23199 24244 25311 26400 27511 28644 29799 30976 32175 
253 529 828 1150 1495 1863 2254 2668 3105 3565 4048 4554 5083 5635 6210 6808 7429 8073 8740 9430 10143 10879 11638 12420 13225 14053 14904 15778 16675 17595 18538 19504 20493 21505 22540 23598 24679 25783 26910 28060 29233 30429 31648 32890 34155 
276 576 900 1248 1620 2016 2436 2880 3348 3840 4356 4896 5460 6048 6660 7296 7956 8640 9348 10080 10836 11616 12420 13248 14100 14976 15876 16800 17748 18720 19716 20736 21780 22848 23940 25056 26196 27360 28548 29760 30996 32256 33540 34848 36180 
300 625 975 1350 1750 2175 2625 3100 3600 4125 4675 5250 5850 6475 7125 7800 8500 9225 9975 10750 11550 12375 13225 14100 15000 15925 16875 17850 18850 19875 20925 22000 23100 24225 25375 26550 27750 28975 30225 31500 32800 34125 35475 36850 38250 
325 676 1053 1456 1885 2340 2821 3328 3861 4420 5005 5616 6253 6916 7605 8320 9061 9828 10621 11440 12285 13156 14053 14976 15925 16900 17901 18928 19981 21060 22165 23296 24453 25636 26845 28080 29341 30628 31941 33280 34645 36036 37453 38896 40365 
351 729 1134 1566 2025 2511 3024 3564 4131 4725 5346 5994 6669 7371 8100 8856 9639 10449 11286 12150 13041 13959 14904 15876 16875 17901 18954 20034 21141 22275 23436 24624 25839 27081 28350 29646 30969 32319 33696 35100 36531 37989 39474 40986 42525 
378 784 1218 1680 2170 2688 3234 3808 4410 5040 5698 6384 7098 7840 8610 9408 10234 11088 11970 12880 13818 14784 15778 16800 17850 18928 20034 21168 22330 23520 24738 25984 27258 28560 29890 31248 32634 34048 35490 36960 38458 39984 41538 43120 44730 
406 841 1305 1798 2320 2871 3451 4060 4698 5365 6061 6786 7540 8323 9135 9976 10846 11745 12673 13630 14616 15631 16675 17748 18850 19981 21141 22330 23548 24795 26071 27376 28710 30073 31465 32886 34336 35815 37323 38860 40426 42021 43645 45298 46980 
435 900 1395 1920 2475 3060 3675 4320 4995 5700 6435 7200 7995 8820 9675 10560 11475 12420 13395 14400 15435 16500 17595 18720 19875 21060 22275 23520 24795 26100 27435 28800 30195 31620 33075 34560 36075 37620 39195 40800 42435 44100 45795 47520 49275 
465 961 1488 2046 2635 3255 3906 4588 5301 6045 6820 7626 8463 9331 10230 11160 12121 13113 14136 15190 16275 17391 18538 19716 20925 22165 23436 24738 26071 27435 28830 30256 31713 33201 34720 36270 37851 39463 41106 42780 44485 46221 47988 49786 51615 
496 1024 1584 2176 2800 3456 4144 4864 5616 6400 7216 8064 8944 9856 10800 11776 12784 13824 14896 16000 17136 18304 19504 20736 22000 23296 24624 25984 27376 28800 30256 31744 33264 34816 36400 38016 39664 41344 43056 44800 46576 48384 50224 52096 54000 
528 1089 1683 2310 2970 3663 4389 5148 5940 6765 7623 8514 9438 10395 11385 12408 13464 14553 15675 16830 18018 19239 20493 21780 23100 24453 25839 27258 28710 30195 31713 33264 34848 36465 38115 39798 41514 43263 45045 46860 48708 50589 52503 54450 56430 
561 1156 1785 2448 3145 3876 4641 5440 6273 7140 8041 8976 9945 10948 11985 13056 14161 15300 16473 17680 18921 20196 21505 22848 24225 25636 27081 28560 30073 31620 33201 34816 36465 38148 39865 41616 43401 45220 47073 48960 50881 52836 54825 56848 58905 
595 1225 1890 2590 3325 4095 4900 5740 6615 7525 8470 9450 10465 11515 12600 13720 14875 16065 17290 18550 19845 21175 22540 23940 25375 26845 28350 29890 31465 33075 34720 36400 38115 39865 41650 43470 45325 47215 49140 51100 53095 55125 57190 59290 61425 
630 1296 1998 2736 3510 4320 5166 6048 6966 7920 8910 9936 10998 12096 13230 14400 15606 16848 18126 19440 20790 22176 23598 25056 26550 28080 29646 31248 32886 34560 36270 38016 39798 41616 43470 45360 47286 49248 51246 53280 55350 57456 59598 61776 63990 
666 1369 2109 2886 3700 4551 5439 6364 7326 8325 9361 10434 11544 12691 13875 15096 16354 17649 18981 20350 21756 23199 24679 26196 27750 29341 30969 32634 34336 36075 37851 39664 41514 43401 45325 47286 49284 51319 53391 55500 57646 59829 62049 64306 66600 
703 1444 2223 3040 3895 4788 5719 6688 7695 8740 9823 10944 12103 13300 14535 15808 17119 18468 19855 21280 22743 24244 25783 27360 28975 30628 32319 34048 35815 37620 39463 41344 43263 45220 47215 49248 51319 53428 55575 57760 59983 62244 64543 66880 69255 
741 1521 2340 3198 4095 5031 6006 7020 8073 9165 10296 11466 12675 13923 15210 16536 17901 19305 20748 22230 23751 25311 26910 28548 30225 31941 33696 35490 37323 39195 41106 43056 45045 47073 49140 51246 53391 55575 57798 60060 62361 64701 67080 69498 71955 
780 1600 2460 3360 4300 5280 6300 7360 8460 9600 10780 12000 13260 14560 15900 17280 18700 20160 21660 23200 24780 26400 28060 29760 31500 33280 35100 36960 38860 40800 42780 44800 46860 48960 51100 53280 55500 57760 60060 62400 64780 67200 69660 72160 74700 
820 1681 2583 3526 4510 5535 6601 7708 8856 10045 11275 12546 13858 15211 16605 18040 19516 21033 22591 24190 25830 27511 29233 30996 32800 34645 36531 38458 40426 42435 44485 46576 48708 50881 53095 55350 57646 59983 62361 64780 67240 69741 72283 74866 77490 
861 1764 2709 3696 4725 5796 6909 8064 9261 10500 11781 13104 14469 15876 17325 18816 20349 21924 23541 25200 26901 28644 30429 32256 34125 36036 37989 39984 42021 44100 46221 48384 50589 52836 55125 57456 59829 62244 64701 67200 69741 72324 74949 77616 80325 
903 1849 2838 3870 4945 6063 7224 8428 9675 10965 12298 13674 15093 16555 18060 19608 21199 22833 24510 26230 27993 29799 31648 33540 35475 37453 39474 41538 43645 45795 47988 50224 52503 54825 57190 59598 62049 64543 67080 69660 72283 74949 77658 80410 83205 
946 1936 2970 4048 5170 6336 7546 8800 10098 11440 12826 14256 15730 17248 18810 20416 22066 23760 25498 27280 29106 30976 32890 34848 36850 38896 40986 43120 45298 47520 49786 52096 54450 56848 59290 61776 64306 66880 69498 72160 74866 77616 80410 83248 86130 
990 2025 3105 4230 5400 6615 7875 9180 10530 11925 13365 14850 16380 17955 19575 21240 22950 24705 26505 28350 30240 32175 34155 36180 38250 40365 42525 44730 46980 49275 51615 54000 56430 58905 61425 63990 66600 69255 71955 74700 77490 80325 83205 86130 89100 
